Version: 0.70.0
Vulnerability DB:
  Version: 2
  UpdatedAt: 2026-06-10 01:36:22.76210132 +0000 UTC
  NextUpdate: 2026-06-11 01:36:22.762100918 +0000 UTC
  DownloadedAt: 2026-06-10 05:18:17.682877468 +0000 UTC
Java DB:
  Version: 1
  UpdatedAt: 2026-06-10 02:08:23.186719716 +0000 UTC
  NextUpdate: 2026-06-13 02:08:23.186719495 +0000 UTC
  DownloadedAt: 2026-06-10 05:18:10.584365974 +0000 UTC
